8 ,1 ,4 ,0 ,2 ,0 ,13,3 ,0 ,0 ,12,5 ,9 ,7 ,0 ,16,
2 ,5 ,0 ,3 ,15,0 ,0 ,0 ,13,11,16,8 ,6 ,1 ,0 ,14,
13,0 ,11,0 ,6 ,8 ,1 ,16,0 ,0 ,7 ,0 ,5 ,2 ,0 ,0 ,
0 ,7 ,0 ,15,0 ,0 ,12,11,14,0 ,0 ,1 ,0 ,0 ,0 ,3 ,
4 ,8 ,15,0 ,0 ,3 ,6 ,0 ,16,0 ,1 ,0 ,0 ,9 ,14,0 ,
0 ,0 ,14,0 ,11,16,9 ,2 ,5 ,4 ,3 ,15,10,0 ,6 ,1 ,
1 ,0 ,10,5 ,7 ,15,0 ,12,0 ,0 ,0 ,0 ,2 ,11,3 ,4 ,
9 ,0 ,3 ,6 ,0 ,13,4 ,1 ,2 ,0 ,10,12,0 ,0 ,0 ,0 ,
0 ,10,0 ,8 ,3 ,9 ,0 ,15,0 ,12,0 ,0 ,0 ,0 ,0 ,0 ,
0 ,4 ,0 ,0 ,0 ,6 ,0 ,0 ,3 ,15,5 ,16,0 ,0 ,2 ,10,
15,2 ,5 ,0 ,1 ,12,0 ,10,0 ,9 ,13,14,4 ,3 ,0 ,7 ,
3 ,6 ,0 ,16,0 ,7 ,0 ,14,0 ,1 ,8 ,10,12,15,5 ,9 ,
6 ,14,12,0 ,0 ,4 ,3 ,0 ,0 ,0 ,9 ,7 ,0 ,10,15,0 ,
10,15,16,0 ,8 ,0 ,14,0 ,0 ,0 ,6 ,3 ,7 ,12,4 ,0 ,
0 ,0 ,0 ,0 ,16,2 ,10,0 ,0 ,14,0 ,13,3 ,5 ,1 ,6 ,
5 ,3 ,0 ,7 ,0 ,1 ,15,0 ,0 ,16,11,4 ,0 ,0 ,9 ,8